-5.328602278788023908e-03
2.557040658037364189e-04
2.934505725677195864e-04
3.350100648959429550e-04
3.804303883925483354e-04
4.296874193443836476e-04
4.826719944713148136e-04
5.391768884013825591e-04
5.988842815380368556e-04
6.613542222625029554e-04
7.260146386436211463e-04
7.921534919564654498e-04
8.589136832932858789e-04
9.252913215616054288e-04
9.901379328563775228e-04
1.052167134927006753e-03
1.109966214552254860e-03
1.162012929619482549e-03
1.206697712458487670e-03
1.242351278972986250e-03
1.267277453343207405e-03
1.279790806233971345e-03
1.278258482667271601e-03
1.261145372511152107e-03
1.227061561455522476e-03
1.174810803553527627e-03
1.103438588470062598e-03
1.012278247514486473e-03
9.009934618687820418e-04
7.696155120350267609e-04
6.185736455768253705e-04
4.487170444662513802e-04
2.613270447534565832e-04
5.811849786241385374e-05
-1.587705405529105107e-04
-3.868012598671199953e-04
-6.230687584989347272e-04
-8.643485834083364239e-04
-1.107154378720887067e-03
-1.347805456043849048e-03
-1.582502701679810997e-03
-1.807410879920645641e-03
-2.018745093329332718e-03
-2.212858935080275202e-03
-2.386331726853763158e-03
-2.536052187146697889e-03
-2.659295923790105931e-03
-2.753794291622924106e-03
-2.817792397767471257e-03
-2.850094364845068284e-03
-2.850094364845068284e-03
-2.817792397767693302e-03
-2.753794291622924106e-03
-2.659295923790105931e-03
-2.536052187146475845e-03
-2.386331726854207247e-03
-2.212858935079831113e-03
-2.018745093329776807e-03
-1.807410879920867686e-03
-1.582502701679588952e-03
-1.347805456044071093e-03
-1.107154378720665022e-03
-8.643485834087805131e-04
-6.230687584989347272e-04
-3.868012598668979507e-04
-1.587705405533545999e-04
5.811849786274692065e-05
2.613270447530124940e-04
4.487170444666954694e-04
6.185736455762702590e-04
7.696155120351377832e-04
9.009934618690040864e-04
1.012278247514153406e-03
1.103438588470395665e-03
1.174810803553250071e-03
1.227061561455633498e-03
1.261145372511485174e-03
1.278258482666883022e-03
1.279790806234137879e-03
1.267277453343151894e-03
1.242351278973208295e-03
1.206697712458265626e-03
1.162012929619565815e-03
1.109966214552365882e-03
1.052167134926756953e-03
9.901379328565718119e-04
9.252913215614805287e-04
8.589136832933969012e-04
7.921534919563960608e-04
7.260146386436766575e-04
6.613542222625168332e-04
5.988842815379952222e-04
5.391768884014241925e-04
4.826719944712801191e-04
4.296874193444044643e-04
3.804303883925448659e-04
3.350100648959117300e-04
2.934505725677508114e-04
2.557040658037294800e-04
-5.328602278788030847e-03
