6.737915179538120185e-03
8.147228141840040863e-03
9.812245262154366612e-03
1.177071307778309282e-02
1.406419111144419434e-02
1.673809971684652245e-02
1.984169595494760657e-02
2.342796443064468215e-02
2.755341006737418649e-02
3.227774028748691543e-02
3.766342506060126744e-02
4.377512483164446716e-02
5.067897848210035222e-02
5.844174623107473154e-02
6.712980574417644342e-02
7.680800365958631581e-02
8.753836920578095260e-02
9.937870148828642503e-02
1.123810472475411243e-01
1.265900912912014675e-01
1.420414872100221881e-01
1.587601612020136943e-01
1.767586266430845043e-01
1.960353512320416602e-01
2.165732218804377884e-01
2.383381547982406090e-01
2.612778992478663742e-01
2.853210830338258619e-01
3.103765458340154715e-01
3.363330028808815819e-01
3.630590762419060313e-01
3.904037240671536235e-01
4.181970897712289914e-01
4.462517833693124825e-01
4.743645963285701983e-01
5.023186396237955265e-01
5.298858825480221579e-01
5.568300576140949865e-01
5.829098850076989136e-01
6.078825589432247378e-01
6.315074283521528997e-01
6.535497959967433435e-01
6.737847537057368719e-01
6.920009672717862825e-01
7.080043228582771908e-01
7.216213476776435209e-01
7.327023212728672741e-01
7.411239999096453923e-01
7.467918852215497116e-01
7.496419791029036439e-01
7.496419795861617441e-01
7.467918866699215785e-01
7.411240023189258341e-01
7.327023246360552244e-01
7.216213519849534741e-01
7.080043280971551889e-01
6.920009734269289003e-01
6.737847607591177512e-01
6.535498039276407267e-01
6.315074371371839357e-01
6.078825685563833403e-01
5.829098954203975058e-01
5.568300687952110195e-01
5.298858944639481816e-01
5.023186522384940345e-01
4.743646096036328030e-01
4.462517972640208663e-01
4.181971042426228524e-01
3.904037390700992871e-01
3.630590917291719455e-01
3.363330188032135903e-01
3.103765621402193031e-01
2.853210996708507863e-01
2.612779161608916878e-01
2.383381719307675339e-01
2.165732391743815100e-01
1.960353686278286933e-01
1.767586440797516145e-01
1.587601786173085394e-01
1.420415045405087340e-01
1.265901084723655146e-01
1.123810642138994564e-01
9.937871817349668013e-02
8.753838554275478190e-02
7.680801958060329282e-02
6.712982118099933282e-02
5.844176111506738797e-02
5.067899274434532753e-02
4.377513840306288678e-02
3.766343787207269284e-02
3.227775226997067759e-02
2.755342115203074718e-02
2.342797454895757109e-02
1.984170503884572292e-02
1.673810769882617955e-02
1.406419792469130840e-02
1.177071865629489636e-02
9.812249540860688152e-03
8.147231056724045170e-03
6.737916667756038008e-03
