6.737914985522458142e-03
8.147227761065635801e-03
9.812244702037333996e-03
1.177071234588478350e-02
1.406419021545715457e-02
1.673809866458035936e-02
1.984169475431479465e-02
2.342796308964635241e-02
2.755340859408586876e-02
3.227773869004429280e-02
3.766342334718596890e-02
4.377512301046986021e-02
5.067897656139742912e-02
5.844174421907809280e-02
6.712980364911033671e-02
7.680800148965079288e-02
8.753836696913820659e-02
9.937869919304725963e-02
1.123810449017515617e-01
1.265900889028296339e-01
1.420414847869453379e-01
1.587601587520054425e-01
1.767586241738023922e-01
1.960353487510149428e-01
2.165732193950554718e-01
2.383381523157397375e-01
2.612778967753207615e-01
2.853210805781349890e-01
3.103765434018938008e-01
3.363330004788483429e-01
3.630590738762751735e-01
3.904037217440242125e-01
4.181970874964760498e-01
4.462517811485779973e-01
4.743645941672550159e-01
5.023186375270510817e-01
5.298858805207433686e-01
5.568300556609125929e-01
5.829098831329734276e-01
6.078825571510396708e-01
6.315074266463094332e-01
6.535497943807548893e-01
6.737847521828244091e-01
6.920009658448741385e-01
7.080043215299892667e-01
7.216213464502996278e-01
7.327023201484809123e-01
7.411239988899209763e-01
7.467918843078809044e-01
7.496419782963722467e-01
7.496419788875365864e-01
7.467918860796585179e-01
7.411240018371678673e-01
7.327023242626331534e-01
7.216213517193873495e-01
7.080043279386555310e-01
6.920009733743994751e-01
6.737847608111581232e-01
6.535498040825492572e-01
6.315074373929614460e-01
6.078825689107376640e-01
5.829098958707475964e-01
5.568300693386925015e-01
5.298858950974183468e-01
5.023186529585385030e-01
4.743646104065712965e-01
4.462517981459143690e-01
4.181971051992808830e-01
3.904037400970873928e-01
3.630590928218199176e-01
3.363330199566237910e-01
3.103765633492755471e-01
2.853211009302274448e-01
2.612779174650633474e-01
2.383381732740185721e-01
2.165732405508165315e-01
1.960353700313828551e-01
1.767586455042013394e-01
1.587601800562826182e-01
1.420415059874995112e-01
1.265901099207404901e-01
1.123810656569129984e-01
9.937871960430193219e-02
8.753838695441579221e-02
7.680802096610733765e-02
6.712982253326937876e-02
5.844176242697469992e-02
5.067899400872214605e-02
4.377513961271525811e-02
3.766343901979336828e-02
3.227775334855206152e-02
2.755342215427792826e-02
2.342797546770133965e-02
1.984170586695560914e-02
1.673810842922349509e-02
1.406419855036215166e-02
1.177071917030309695e-02
9.812249936360706304e-03
8.147231326973779220e-03
6.737916806129525156e-03
